$$$ exec p1 : [../obaranni.filler]
Plateau 15 17:
    01234567890123456
000 .................
001 .................
002 .................
003 .................
004 .................
005 .................
006 .................
007 .................
008 ..O..............
009 .................
010 .................
011 .................
012 ..............X..
013 .................
014 .................
Piece 5 3:
...
...
*..
*..
...
14 13 12 12 12 12 12 12 12 12 12 12 12 12 12 12 12 
14 13 12 11 11 11 11 11 11 11 11 11 11 11 11 11 11 
14 13 12 11 10 10 10 10 10 10 10 10 10 10 10 10 10 
14 13 12 11 10  9  9  9  9  9  9  9  9  9  9  9  9 
14 13 12 11 10  9  8  8  8  8  8  8  8  8  8  8  8 
14 13 12 11 10  9  8  7  7  7  7  7  7  7  7  7  7 
14 13 12 11 10  9  8  7  6  6  6  6  6  6  6  6  6 
14 13 12 11 10  9  8  7  6  5  5  5  5  5  5  5  5 
14 13 -1 11 10  9  8  7  6  5  4  4  4  4  4  4  4 
14 13 12 11 10  9  8  7  6  5  4  3  3  3  3  3  3 
14 13 12 11 10  9  8  7  6  5  4  3  2  2  2  2  2 
14 13 12 11 10  9  8  7  6  5  4  3  2  1  1  1  2 
14 13 12 11 10  9  8  7  6  5  4  3  2  1 -2  1  2 
14 13 12 11 10  9  8  7  6  5  4  3  2  1  1  1  2 
14 13 12 11 10  9  8  7  6  5  4  3  2  2  2  2  2 
.................
.................
.................
.................
.................
.................
.................
.................
..O..............
.................
.................
.................
..............X..
.................
.................
...
...
*..
*..
...
*
*
offset x 1    y 3
